632.18
296.43
0
87.01
208.21
0
0
1587.18
2067.11
240.54
231.22
235.79
92.93
982.22
224.55
0
239.97
0
0
982.49
350.03
86.17
0
125.71
2160.1
1672.09
0
256.7
196.83
0
388.84
405.27
519.38
195.82
124.58
242.43
304.0
119.51
634.1
280.41
100.4
1937.16
237.37
805.66
102.54
91.7
0
142.06
204.39
205.77
0
335.08
231.17
0
364.81
296.97
0
453.49
89.37
1894.72
125.12
251.04
311.02
209.19
0
247.91
262.35
1136.99
292.93
0
266.5
0
130.7
0
244.52
330.1
285.19
402.99
411.9
166.54
244.51
241.02
238.71
277.79
0
0
185.16
271.27
209.11
1030.04
2218.85
667.33
320.06
218.19
289.81
0
380.88
1296.56
0
307.26
856.08
1519.77
921.18
1758.8
1315.65
627.84
1427.02
1538.01
853.95
1350.8
768.44
1590.56
1500.1
1644.22
1563.06
1283.28
802.25
760.08
1251.13
771.06
1739.88
1687.15
886.68
1167.35
809.82
1700.51
786.85
829.49
601.05
450.58
1430.41
1096.39
1046.58
102.21
1347.52
735.95
977.82
1449.57
1495.64
864.88
721.85
1113.3
1174.1
8.0
1017.06
1505.02
1554.45
1524.42
599.96
1415.1
185.86
1509.92
1162.13
1435.46
1276.71
876.62
1229.17
1236.31
624.64
759.06
1345.77
465.51
1189.2
988.88
1444.33
1462.09
737.67
754.63
1733.43
377.97
703.46
819.62
924.81
1066.95
1101.56
1412.25
1571.82
818.08
614.34
901.5
1490.97
1298.9
921.25
1741.11
1042.06
1015.97
799.74
566.91
908.26
1442.74
1513.67
1239.91
1052.79
555.33
351.8
1294.02
1006.87
698.29
706.83
1007.51
1948.37
1676.67
1670.51
996.41
1574.62
1980.87
1155.6
881.31
1142.83
1687.83
1531.33
1347.62
1493.68
1143.23
1675.77
1666.17
1505.81
1201.32
1751.77
1616.49
1111.59
1451.82
1966.74
1784.34
1775.47
1354.37
1305.04
1826.16
1026.2
1698.14
819.14
1487.47
1064.29
1707.26
921.59
1714.21
1064.75
1597.84
1582.31
1542.0
1204.88
1548.7
835.83
1542.52
1765.09
1719.06
1808.01
1857.02
1677.32
1770.93
1249.09
1300.44
1801.52
1677.0
1890.27
1060.21
1453.86
812.32
1514.06
1324.33
1530.8
1758.64
1824.5
1274.57
1501.82
1795.53
1712.95
1303.22
1522.0
1885.15
1629.79
1735.59
1465.43
1109.08
1168.27
964.46
1836.19
1418.58
1545.37
876.12
1930.87
1169.65
1605.27
2196.72
1529.39
1792.21
1845.06
1181.0
1696.61
1154.01
1992.78
1839.65
1930.61
1968.45
1029.9
1518.93
967.53
1981.46
1632.62
1683.93
1450.81
949.29
1315.68
3626.87
1315.84
680.87
918.32
1364.55
1191.17
2287.03
1063.89
1208.89
1027.67
1166.84
1152.9
92083.83
1024.56
640.51
1053.96
985.29
1497.8
8.0
822.45
1466.76
1532.19
1098.0
1156.02
1584.08
1036.21
1334.88
537.57
586.7
589.67
1781.1
1280.43
1151.13
284.36
703.94
987.31
1100.86
3046.4
1794.37
1247.92
1465.47
23189.57
846.01
1625.04
633.66
974.38
1151.62
1732.41
2336.34
604.1
1143.22
624.56
968.0
1284.91
1334.63
562.65
470.19
496.55
1056.62
1741.35
1318.14
585.66
1675.15
1477.87
921.81
1732.52
1119.65
0
1029.95
1333.23
1408.75
1274.59
1133.16
1324.86
585.65
778.62
3650.77
386.43
1056.03
1302.18
527.49
1457.74
780.53
1774.45
545.88
546.95
1484.87
650.18
993.04
794.37
1300.26
1770.08
1161.87
1444.8
878.87
1153.4
1619.09
971.05
684.17
906.44
1181.09
887.76
614.9
986.29
948.11
690.41
1217.64
631.6
797.27
838.59
1244.86
829.24
631.5
1390.12
547.31
1468.91
432.1
1070.93
600.16
840.91
1000.27
735.33
803.87
1261.19
902.82
48044.35
1340.63
30711.36
740.92
1142.1
1540.79
0
1624.52
1049.11
932.02
2093.67
899.69
998.78
814.8
0
663.39
654.09
1105.29
568.02
893.71
1251.45
701.14
230.03
243.42
326.9
708.37
1114.5
598.85
937.93
730.3
476.94
727.97
909.59
826.6
845.53
748.19
1114.62
535.03
941.02
1070.55
1132.07
338.97
773.76
893.65
1163.74
980.33
766.36
737.21
1035.22
1023.77
870.68
441.53
570.09
725.89
249.87
326.0
811.21
632.63
1074.66
874.6
706.06
985.39
517.47
527.01
486.2
769.43
416.05
309.17
1025.39
831.1
805.05
689.34
946.87
863.37
578.04
174.04
979.29
201.86
690.93
563.84
868.69
516.0
839.96
705.25
608.55
465.02
221.21
814.04
745.88
1165.28
848.39
487.96
978.46
704.3
1209.71
538.25
636.51
505.4
552.14
748.43
859.84
446.84
629.47
994.42
770.94
595.93
259.71
755.31
862.01
312.83
1106.65
550.18
804.92
985.58
858.23
177.7
490.02
434.0
1164.71
1098.04
426.32
703.7
1396.9
1084.24
1217.19
1367.45
1074.11
388.89
741.49
785.96
1154.0
1371.6
830.76
1212.13
970.41
736.72
1423.88
697.72
711.49
530.0
985.07
1320.7
602.52
709.0
863.03
1421.97
804.57
705.37
1410.0
739.59
1247.79
715.57
737.14
1051.5
626.37
634.04
790.51
1449.8
1302.32
1011.75
1005.66
1223.0
1456.43
935.27
1126.9
1444.65
734.46
1329.92
1183.16
1219.59
860.15
1431.41
1373.21
728.74
1520.6
1300.39
476.74
1405.12
830.03
750.39
793.04
1467.01
946.68
1170.43
1279.88
1486.11
1510.41
922.29
995.83
1232.89
1335.47
655.46
1441.16
214.86
1454.75
327.83
817.58
1101.69
1275.9
714.33
1404.46
1109.62
867.26
690.67
745.79
1376.61
931.94
650.05
1479.89
1289.69
828.61
1476.94
489.94
1156.49
706.19
1051.29
1032.52
1092.94
625.78
1248.22
1267.52
825.57
1750.36
1896.32
1910.5
1747.85
1845.26
1986.43
1848.28
2241.88
1963.47
2135.69
1989.1
2269.41
1810.64
1364.94
1916.66
1923.89
1760.18
1852.52
1855.0
1890.6
1837.06
1812.61
1840.52
1934.53
1834.33
1870.83
1903.78
1961.82
1784.8
1971.29
1909.23
1727.9
1793.52
1564.76
1972.8
1767.0
1805.67
1953.27
1944.0
1789.02
1808.27
1956.11
1534.51
1793.24
1812.39
1948.61
1919.55
1763.01
2028.96
2028.12
1827.03
1994.59
1792.06
1963.6
1980.99
1906.87
2136.8
1935.16
1838.23
1781.95
1866.64
1915.53
1836.16
1867.36
2111.41
1877.23
2125.81
1839.49
2029.77
1800.14
2017.88
1905.87
1967.57
1317.07
1892.39
2005.68
1936.03
2115.25
1935.38
1835.92
1925.5
1779.89
1719.29
1930.95
1761.17
1757.91
1940.45
1840.71
1825.85
2683.11
1821.02
2325.89
1959.4
1820.59
1894.19
1745.99
1990.17
1867.74
1794.68
1954.83
1195.4
0
1221.85
1828.18
1519.53
6504.22
1274.3
1400.83
607.43
1347.07
2017.79
1580.59
1863.81
1925.51
1646.36
1947.69
1680.72
1980.66
1781.61
1616.19
1374.82
2045.4
1714.45
1812.64
1518.96
1378.9
1644.56
788.61
1982.92
1592.8
1648.32
1567.62
1827.27
0
1360.81
2043.35
639.66
1854.88
1597.52
0
1953.64
1820.95
1177.61
0
1313.63
1721.88
1913.34
786.8
1610.57
1346.39
1516.12
1371.45
1354.14
1984.03
1649.37
1068.94
1531.63
1856.46
16490.23
1882.17
1404.32
1026.93
699.97
0
1351.96
1521.91
1221.0
2072.51
1164.42
775.07
1634.63
1467.5
1090.71
51621.63
1068.07
1521.05
1587.89
1714.06
681.56
1484.24
1161.99
886.51
1454.46
1828.08
437.4
1781.11
1412.94
974.87
1071.83
1757.71
2221.92
820.9
1410.21
1405.74
1547.29
1658.97
1781.49
1083.94
910.04
1175.77
1485.2
1850.27
1544.86
1720.89
0
1765.14
1811.57
1816.68
1284.16
1774.99
645.05
1492.0
925.73
1677.2
1314.9
1413.4
1657.0
1442.95
1357.02
1608.77
4280.32
1544.17
1761.18
0
0
2020.2
1073.67
1848.06
1800.41
1839.82
481.17
1508.19
1413.26
1037.99
659.06
825.42
1160.68
2297.38
1687.8
1052.18
797.09
1412.35
6113.52
1832.65
0
2033.51
1927.82
1140.71
927.86
1632.61
1676.43
1484.09
1892.04
2031.2
727.65
697.31
1619.72
720.11
1384.86
1799.09
1849.6
755.4
1089.41
1565.5
1654.38
1196.3
822.0
1723.08
1497.72
1927.12
1805.94
1859.03
1044.92
1919.6
640.58
1446.22
1681.35
2006.87
7402.39
1780.08
970.87
1819.79
1843.56
1537.95
1582.65
1537.65
470.92
0
806.73
1545.57
2012.11
1847.11
1231.2
1349.79
1006.38
0
1676.74
1763.89
1418.51
1609.78
1575.51
1442.47
1911.13
0
1058.45
1617.89
1440.75
1450.78
1696.35
2014.1
2069.31
1641.88
1460.32
1550.57
1590.13
2039.32
1890.56
2124.93
1562.72
1049.2
1004.01
2152.84
1709.07
1953.95
1410.37
1582.34
975.71
1378.59
1423.09
1730.81
1232.86
1111.66
1320.1
1853.69
1942.41
1503.16
1823.78
1949.87
2087.23
1809.14
235.43
1631.89
1788.39
1523.53
2031.53
1569.77
1283.5
1851.96
1718.9
993.15
617.0
159.2
1966.69
1530.96
1670.07
2080.59
1636.2
1827.38
1611.42
2064.75
1226.89
1868.77
815.0
1511.96
0
1700.04
2803.72
1962.73
979.22
1815.65
1608.51
770.42
1631.17
1788.03
2728.51
1294.78
1703.76
1963.76
1905.5
1423.97
708.65
1117.33
907.9
1465.58
1280.78
915.72
1797.37
968.23
1132.12
1765.51
1379.77
995.1
1792.64
1334.63
1190.75
1483.32
622.06
1456.2
1227.4
1998.46
1066.08
1450.55
919.24
1881.26
1348.07
1453.18
1735.93
28938.15
924.42
1880.81
1734.73
1054.17
1252.13
0
1741.22
1202.07
1730.67
1804.08
1646.89
1525.51
886.17
1784.96
853.21
1352.34
1093.55
1414.11
1072.73
837.75
1722.29
418.89
1516.1
1625.32
1728.39
1619.61
3073.76
1004.46
1201.45
1877.32
1667.66
877.43
1797.14
1380.99
1001.57
1698.55
1528.5
1403.68
1127.51
1133.23
1874.53
1601.0
979.43
427.07
1812.94
1151.03
1414.32
1759.12
1573.91
1413.13
872.65
1804.37
1762.29
1840.46
1983.57
1420.26
1092.05
1527.41
1769.28
823.35
1682.24
1543.23
1664.22
1364.56
1816.46
812.63
0
1432.82
2045.47
1990.93
1492.6
1654.86
3689.14
1994.96
1659.59
1029.75
2104.99
1349.64
1295.95
1405.0
1752.05
1948.4
1413.96
1997.36
1205.91
1152.87
1458.08
1140.55
1778.99
1761.6
1817.62
1688.13
1691.12
1572.92
210.45
2140.22
1302.7
1840.58
1622.09
1901.47
1825.71
820.45
694.42
1247.92
702.76
1961.88
1755.62
1841.11
12551.18
1312.2
1700.19
1458.75
1645.36
1349.41
1285.26
1826.5
1036.47
1581.0
1563.31
1580.41
1987.83
1637.97
979.11
1536.82
655.66
1655.93
1826.64
1717.91
914.95
1393.47
1299.33
908.77
1749.1
796.67
1597.43
1619.72
1595.94
2011.5
1774.09
1549.28
1266.51
1048.61
1675.61
1255.56
1466.31
1623.26
2529.7
0
1409.79
981.25
1790.69
1293.51
2175.15
494.83
1771.8
1503.99
1806.97
1741.58
328.27
785.74
1801.13
528.95
1090.51
1649.38
1406.18
1787.96
1671.33
1809.0
847.31
1738.89
1374.75
1493.45
1559.27
1219.92
1575.13
1641.75
1571.73
460.03
855.8
693.18
1444.35
1573.54
0
1275.81
863.61
1135.22
1173.65
1552.2
1873.67
2004.87
1440.71
1273.83
1959.34
1746.07
1019.16
1094.91
276.88
1096.66
1498.16
1243.07
1807.11
1876.08
1516.86
1554.63
1584.32
1169.69
1753.51
1755.31
2019.37
10582.07
1782.39
915.11
1496.81
1340.67
974.5
1574.01
1421.04
1644.65
1838.69
852.31
4911.1
1536.84
720.05
1555.86
1319.0
810.29
1758.06
1583.85
2059.82
1138.82
5601.63
987.06
1393.57
1979.25
1767.23
1763.12
1425.15
1413.49
12914.74
1579.67
1471.13
1450.09
1925.44
1300.73
1601.86
1449.55
1725.29
1799.46
1781.43
1883.59
1362.99
1161.91
1182.2
1345.42
1642.88
879.68
1835.83
1537.03
1028.46
0
1802.96
673.4
1121.65
1370.8
386.16
1253.56
1014.45
1239.14
851.43
1375.15
1256.1
1555.66
1727.91
1045.16
1468.35
1343.15
1180.26
0
1643.92
850.73
1762.86
1095.51
1560.61
1705.63
951.3
1489.49
1027.41
1596.72
1297.66
1414.18
1023.58
1721.7
1029.44
1656.92
2311.22
1266.41
1971.35
2207.51
1596.81
1223.6
529.25
1795.49
1510.35
1553.7
1296.83
1660.79
1853.05
1612.57
6127.2
1299.62
1142.81
2200.28
1729.44
1597.87
1125.14
1415.93
1651.11
1520.17
1491.02
720.75
1747.49
1787.78
1908.69
1378.25
891.44
1058.63
1868.43
1364.0
1931.43
1553.47
1490.17
824.45
1511.71
2050.87
1441.34
1640.04
1957.97
1726.51
1387.16
1891.25
1414.33
1584.97
1471.59
1646.37
1550.25
2008.15
821.07
487.71
1760.46
535.43
1339.58
0
1400.39
812.4
949.65
1851.53
950.08
1479.31
1761.93
1627.37
1343.22
1880.77
1408.71
1024.08
1457.18
1849.03
1619.03
1765.83
1599.25
697.84
1345.92
1519.81
1570.8
1207.62
1424.24
1735.97
1528.32
1250.59
1614.23
2487.24
1591.09
1791.45
958.89
1942.06
1413.61
1889.64
844.13
1995.44
1604.77
1990.88
1161.25
1061.78
1897.09
1749.15
1618.2
975.96
1374.88
1992.19
436.69
1503.11
1428.64
396.12
29076.25
1150.04
793.06
2084.15
2057.0
1117.84
1427.16
1755.97
1153.36
588.01
1428.89
1388.4
1449.5
1741.0
1028.64
1085.65
1481.3
1292.89
1503.4
1124.14
1980.34
1616.63
1212.7
2261.51
1442.66
1779.76
1536.79
1567.15
1616.79
20.86
1464.51
1035.47
861.0
1276.18
1685.1
1562.19
1901.22
1399.86
1667.67
215.87
1474.32
1887.29
1036.92
1992.11
1310.54
1823.37
653.67
593.39
1530.83
1116.3
1755.32
1231.04
1843.08
1643.41
1269.94
1624.25
0
853.58
1770.88
1701.75
915.61
1189.6
826.03
1115.69
947.42
1501.82
1461.3
1581.08
1799.66
162.06
833.58
623.77
1495.59
997.39
1589.89
954.92
2108.91
1596.21
187.52
1659.96
3047.85
714.3
1212.15
1483.29
882.43
1836.12
1715.51
1811.51
1183.89
157.91
1433.45
1190.17
1627.42
1491.99
0
1620.2
714.9
0
1704.05
1595.61
4263.11
700.66
1108.77
1575.25
1409.86
1404.0
1776.56
322.76
1133.17
20930.86
0
1587.37
1803.73
1589.39
1332.84
1841.37
1546.13
1917.0
1206.95
1648.0
9.76
4767.81
1295.68
856.61
1579.34
1106.12
1523.64
1668.65
1623.6
1653.91
1512.76
1113.97
1310.22
1248.32
890.05
1703.4
808.12
0
1368.12
2127.23
1793.01
1676.46
403.75
1005.08
1283.29
2127.76
1495.3
840.84
1545.24
960.62
1886.78
1690.62
2034.22
443.39
1586.55
1045.96
2038.49
1537.42
0
1307.39
891.09
1205.8
1466.3
390.39
1453.37
1620.31
1402.04
1839.99
1295.51
1089.84
1388.82
1597.82
880.81
1444.11
1473.05
1110.45
518.96
834.72
1314.39
1057.57
1527.04
1006.86
1862.21
1729.28
688.22
1532.77
1508.86
1422.35
1384.67
1239.69
1751.6
1596.89
1904.18
2104.69
1903.29
1582.97
1289.0
1218.55
1596.92
892.38
1730.97
1698.01
502.44
1816.22
1876.9
1833.32
1811.88
1317.58
1353.58
1143.65
1219.08
1797.82
748.17
0
1816.15
490.82
1370.14
946.56
921.1
677.27
816.57
1603.06
1423.57
606.92
1141.04
1727.49
830.69
1981.92
1892.2
1495.09
31689.84
0
1484.06
1556.56
969.88
1328.82
2362.7
1284.83
1992.65
1419.45
1777.82
693.85
2083.56
1403.23
1942.11
1352.59
1578.44
1297.36
1584.0
5925.25
1424.45
275.68
1344.59
1638.56
1943.43
2721.46
1685.11
756.17
1148.27
1056.68
1184.68
1656.85
1192.46
1281.38
1500.87
931.25
5277.26
1241.17
1846.62
1796.81
1089.58
3148.63
1879.59
1733.25
1082.76
1627.05
1438.42
910.61
1655.59
1192.79
1693.97
1674.99
1393.54
1731.8
1645.39
1500.56
1679.75
1002.47
1645.44
1572.85
1202.93
1546.78
1834.18
0
1728.53
1179.71
833.9
1402.13
1524.45
1923.94
977.66
1107.84
1243.91
1093.03
1767.54
1324.91
1970.61
620.74
1285.0
1324.08
1458.65
1516.57
1787.8
1827.86
1599.36
1347.29
1324.83
1641.53
2048.1
431.25
1918.13
1413.66
595.42
1842.9
911.54
1526.0
476.68
2033.87
1461.23
1947.73
1966.91
1263.14
0
1519.24
1951.82
0
4174.59
905.82
890.56
1545.8
830.88
1734.93
1497.9
1652.49
2090.74
1672.94
1639.76
1544.0
957.36
1723.9
1701.13
1916.79
654.88
902.12
970.77
1484.28
1827.96
1674.1
1532.81
1968.72
1686.97
1707.53
1651.65
1746.69
1475.57
1867.65
847.35
1331.61
2339.12
1682.2
1635.3
1759.22
606.77
1373.37
876.83
1182.5
2584.43
1085.97
405.82
1418.3
1321.25
1656.09
928.61
738.74
1123.2
1619.75
526.14
880.27
1735.05
1365.95
1139.01
1666.35
1545.29
1740.54
1666.15
1748.62
1674.31
1278.42
1824.03
1616.26
1300.63
753.35
1028.96
1185.11
2284.06
764.86
1610.8
1802.99
1772.3
1368.97
1686.44
889.56
1766.86
2084.34
958.77
1208.62
1851.53
1073.8
1250.2
1509.6
1566.88
955.0
1162.13
2103.43
1844.29
1358.3
1055.57
1592.4
1778.56
1682.08
1956.17
1745.59
1624.52
1760.33
1378.51
1820.11
1442.09
1655.05
1440.58
1505.42
1603.38
1858.68
1008.11
562.94
1655.51
1578.51
1232.45
1037.75
1052.14
1522.21
1310.38
545.78
1084.74
1563.97
1683.52
1604.92
689.36
2003.67
2127.09
1901.16
1320.51
1364.61
928.21
15998.56
1070.44
1750.63
679.75
1676.64
866.56
1667.29
1847.73
1356.55
1677.36
990.47
1864.88
1772.27
449.41
1356.11
1233.74
1617.92
1627.66
1608.06
757.9
1395.32
1567.88
152.29
8.0
1943.87
1538.61
856.86
1131.49
1874.79
689.62
688.62
1600.71
1782.38
1632.18
1846.33
1851.89
1366.58
1631.53
1324.91
1788.07
1591.87
1162.15
1596.37
2039.23
799.73
1700.45
1113.12
1614.1
1570.52
939.48
1308.38
1502.03
7464.45
4599.5
1514.96
1951.04
1412.61
840.29
1503.81
1340.73
2227.77
1923.45
1790.85
536.96
263.07
4902.2
1836.71
1766.59
1888.13
1516.18
1597.3
1814.34
1628.64
1819.31
678.0
1750.02
1819.95
1515.4
1668.58
1973.92
1494.45
1903.74
1640.22
1768.51
1360.67
2459.52
2209.57
1605.78
1784.54
1145.24
1626.85
212.91
1868.7
1532.0
1353.17
1155.84
1592.45
1929.09
1573.1
1723.19
855.33
1766.0
1339.83
842.76
1798.8
1414.37
26645.42
730.06
1120.76
1874.83
1981.58
1352.37
512.07
1269.16
747.53
1057.02
1603.21
920.27
1461.36
1439.46
1534.89
1477.83
1785.29
943.74
2093.99
1877.14
1617.62
304.41
1931.45
1591.11
2195.95
1746.33
3095.35
1134.1
0
1677.6
1708.35
877.93
1104.84
1645.51
539.25
1635.23
8.0
1663.0
1584.51
2201.91
965.89
1112.9
1277.69
1506.19
1912.97
777.39
1851.11
1325.36
0
9247.53
1534.24
1450.89
1839.09
1834.71
720.54
1675.54
-12.98
1885.16
1494.74
1665.66
1597.2
2629.74
836.82
963.0
18917.06
1394.4
1477.63
1662.93
1496.49
1372.02
1542.03
1330.29
1405.24
1464.82
1865.89
977.61
1851.57
1605.07
1669.74
1586.18
965.71
1499.08
1983.79
1687.33
783.26
1624.1
1370.51
1940.82
1579.07
1670.69
1834.35
1440.7
1482.15
1652.71
1800.56
1081.1
1516.68
2857.55
1796.87
1766.53
15000.6
1655.24
1904.55
1559.91
1659.7
1419.08
923.43
1195.53
1891.2
1134.14
1750.9
1243.73
820.35
1553.37
1584.85
2555.74
1985.96
1182.38
325.18
908.72
1742.95
1957.03
1750.12
1545.79
2071.0
1316.96
3535.32
1651.2
1682.83
1198.07
1505.43
1173.49
2616.58
1028.22
1708.27
1467.82
1127.3
911.83
713.61
1898.06
1253.97
1382.76
875.5
1012.89
1381.64
1539.76
1010.51
1945.0
1761.53
751.3
1910.81
2344.69
763.39
1706.81
1016.81
1892.33
1963.44
1013.33
1761.81
2004.75
1829.64
828.28
459.99
1821.32
0
1724.14
669.91
1818.18
1875.52
1266.65
1681.76
917.9
651.31
1743.63
1928.47
0
1279.89
1911.76
1703.45
1632.84
1964.23
1666.05
1958.07
1587.64
1454.18
1472.32
1648.56
875.15
1682.64
1525.71
1766.6
1323.02
1689.35
1156.26
941.29
1523.03
1604.43
1413.84
1251.6
1766.78
1169.15
1682.12
2089.77
731.76
1794.45
142.85
2030.44
1294.38
1714.52
1729.53
967.54
1932.05
2056.28
1655.01
1528.2
563.75
1969.46
1733.06
1579.89
479.67
1651.0
607.4
1811.21
1533.72
1066.81
260.1
1879.76
2612.41
244.94
1363.04
908.08
1824.07
1732.39
1288.02
1906.29
1449.21
1478.06
1499.41
1096.99
861.9
0
1131.44
1524.44
1145.4
1389.63
1605.68
1611.63
1664.05
736.9
1540.43
1471.61
1917.33
1023.69
562.14
1233.33
1131.15
1298.92
1092.13
1643.52
1538.23
1753.03
734.35
1795.7
750.33
2015.19
1959.46
1440.22
1722.75
1420.91
868.97
1994.71
1310.91
947.68
1685.36
788.7
812.27
755.87
23790.58
8058.96
1765.66
1888.65
1537.07
1331.34
1042.75
766.27
1515.99
1619.49
1112.05
466.59
1651.62
1682.16
493.35
1374.0
8099.06
932.93
1376.79
1965.84
7344.78
503.25
1212.3
1929.88
1877.73
1830.89
1967.25
3410.26
1630.49
1972.43
1273.88
818.31
996.34
631.46
1349.64
1712.22
1055.12
1566.09
2057.37
0
1039.27
1888.58
1860.59
1435.18
1745.78
1473.27
884.16
1827.57
1370.43
1211.83
1691.73
1800.74
1543.2
1664.5
1108.35
728.02
488.75
731.68
1627.96
1845.56
1746.43
1229.02
1340.42
1671.05
1929.25
1514.37
7904.19
1488.75
236.41
1661.13
1797.55
1132.85
1794.61
1506.09
1783.44
1907.7
1603.81
687.03
817.85
1512.23
1824.75
1424.3
1256.04
1523.25
1280.76
47553.1
1852.32
1538.77
1897.12
1548.31
1640.2
1783.02
1479.22
1758.08
935.94
1736.76
10696.21
1020.15
2482.38
1714.9
1578.21
1492.4
1818.63
884.0
829.1
1001.49
1837.77
1538.06
2006.22
1386.55
1562.0
1140.27
1087.96
1936.85
1031.03
1900.87
963.85
1659.72
610.64
1454.1
1173.12
801.76
0
1653.42
1689.25
652.04
1285.05
2037.81
2417.43
1299.03
1904.56
1488.14
1592.03
1622.35
1871.11
2132.85
1037.44
7890.31
1979.67
1668.93
1515.79
1695.74
2208.2
1552.99
1532.78
1592.79
1424.42
1159.11
1347.39
1266.86
1670.16
1505.37
1979.8
1545.27
1594.49
1642.18
1575.02
1301.73
1833.34
1010.49
1440.03
1437.41
1660.74
2063.38
601.56
1205.91
1839.42
1997.6
1761.41
1506.66
1934.67
1702.16
1694.34
1751.72
844.46
797.55
1757.83
304.95
1860.95
1957.11
1918.89
1740.76
1433.93
1585.82
1567.75
1809.0
309.94
1727.91
1161.24
1179.51
1887.07
2094.4
1288.4
1457.95
1637.74
1532.33
1394.71
1664.68
1400.99
1835.84
8316.87
1368.03
1407.96
1193.47
8882.51
742.93
680.07
1527.4
2494.66
1533.77
843.88
1556.61
1963.8
1853.86
1493.33
1918.29
1622.89
1795.69
1619.51
1862.58
1009.81
494.6
1184.38
1739.59
1586.58
1833.26
1391.85
666.77
410.21
1778.04
1669.4
1757.24
881.76
1813.56
1047.19
1659.62
3566.07
1192.03
1345.56
1522.74
1967.5
1239.33
2030.69
1395.27
1468.99
1534.22
1627.84
1918.78
1736.37
1740.89
0
2092.82
1082.79
737.38
1606.44
1227.33
1608.88
886.68
1249.2
1331.93
1621.25
1595.23
2096.33
1268.26
1449.29
1622.01
480.84
1681.56
1646.55
1882.14
1945.61
602.88
506.16
1561.63
1921.13
1274.4
1894.08
1203.57
1034.02
1449.3
679.58
2133.73
1272.7
1065.08
1797.36
1794.69
1538.67
946.46
796.51
1381.47
1728.57
1847.75
1539.93
1626.49
1679.0
1040.85
1876.56
1650.06
1510.39
1876.7
0
1714.14
1339.89
1646.59
592.93
0
1912.42
1846.83
1405.97
869.06
1572.08
1877.96
1699.9
1363.92
1597.61
11768.79
1243.55
1684.12
1732.22
1488.74
1067.25
1318.71
878.53
1741.84
1968.28
1586.01
1940.34
2138.5
1869.04
1490.33
252.19
801.93
981.29
1550.8
803.24
1826.05
1407.39
1944.88
710.97
1828.21
1584.07
1600.51
1671.13
1533.16
1828.2
542.37
928.46
809.74
2069.68
741.79
0
1655.95
2238.86
1666.57
1167.39
1087.15
455.69
968.68
1620.93
1472.75
0
911.76
886.38
1342.03
937.09
1546.15
1012.42
882.19
2831.92
1553.03
1858.02
986.82
10322.94
2029.14
770.32
1798.49
1410.85
1817.43
993.57
1565.44
1524.86
1816.58
1926.21
1144.2
1879.14
1563.14
1590.42
1048.42
671.53
1677.19
339.5
1939.31
1880.6
1150.78
1589.15
966.41
1731.06
1752.08
1518.83
1517.8
1537.02
672.9
1697.66
1674.59
1648.0
957.95
1144.74
1866.2
385.76
1772.87
1923.08
990.0
1362.35
1880.9
1540.41
841.07
1839.77
1171.94
1126.11
1727.54
1829.71
1052.0
1277.02
1991.24
0
1187.16
1599.71
1818.25
973.66
693.41
1656.08
1122.26
756.56
1285.06
1414.76
0
1625.28
332.04
1522.73
1049.05
1782.37
1686.76
1760.55
1516.99
728.0
449.5
1028.0
1586.02
1892.62
1154.99
533.08
1844.92
1610.51
1359.09
1475.05
1198.8
1666.19
354.73
2159.15
1374.52
665.42
936.87
727.97
1954.81
2144.42
1257.79
1948.36
1746.8
1299.05
1580.16
1527.56
1047.87
1748.96
1625.2
1660.26
1743.18
1531.42
1925.74
1556.7
1598.64
1063.11
1004.02
1650.12
1990.97
1283.0
985.91
2004.88
1811.12
1674.55
1666.91
1624.63
1499.91
940.35
1559.68
1314.25
1922.35
1226.29
1599.19
1636.39
1698.52
2023.43
1142.05
1850.05
1598.8
1674.65
1132.44
1125.77
1166.21
1690.87
3407.05
1854.12
935.64
1118.22
3562.52
1110.88
944.78
1882.87
0
1244.41
1852.3
1295.77
1778.49
2044.6
1843.05
1592.79
407.66
1675.32
1174.66
482.28
1582.37
2027.42
1785.68
1681.3
2180.11
1728.72
1844.8
1108.43
947.79
2089.46
1831.75
1651.28
1589.3
1201.8
1722.32
1582.51
794.8
1765.84
1545.79
1965.92
2095.33
1190.86
1169.07
1610.87
1864.63
1752.12
1626.83
2187.01
1940.2
1833.51
1858.73
1300.1
1590.77
1992.79
319.07
730.2
1532.46
931.45
1544.41
1253.23
1647.87
964.66
1173.81
1189.24
1183.14
1855.97
1703.51
1413.25
0
1625.08
1659.14
1586.99
903.03
1982.52
1519.6
1491.15
1298.26
1422.0
1334.56
3837.27
1224.49
411.81
1158.42
1680.05
770.52
1477.37
1638.88
1522.88
2128.65
1898.4
1759.28
494.34
1624.41
1507.57
1881.08
1558.06
1682.16
1889.36
1961.76
1469.22
1702.9
1621.52
1561.3
1674.58
1141.15
1038.67
1984.39
1824.12
1503.52
0
1606.86
2001.71
1506.83
1627.74
1525.15
1943.91
1509.76
1601.33
1133.15
1224.31
1600.0
777.94
1476.13
1678.09
1926.33
1800.9
1614.94
1317.64
1118.13
1352.81
1844.79
1802.67
1531.08
1800.56
1399.16
891.46
1599.46
1242.1
1665.13
1236.15
1608.9
1879.8
1921.51
1928.52
1531.59
1375.28
1791.33
1187.53
29360.53
1370.72
1581.6
1157.0
930.34
1211.13
1723.71
7866.93
1515.74
937.26
1607.01
1548.74
1716.76
1977.9
1854.21
172.96
1336.29
1061.79
1327.04
2083.09
935.42
1593.95
1796.31
984.17
1260.94
1811.08
1707.43
1555.9
1592.04
9130.46
746.63
1269.07
1648.47
1591.26
1635.12
1647.31
1569.71
1885.84
1590.16
821.77
1654.29
1807.26
1937.61
1886.64
1824.15
1850.37
961.55
3319.43
1739.43
882.9
1456.26
1520.21
1492.59
904.05
1675.91
2047.51
8945.29
1829.79
912.6
1082.05
1911.36
1331.28
1798.43
1850.92
1548.5
1062.52
1424.21
977.27
1408.21
1539.13
1254.21
1746.7
1691.7
998.97
833.14
1564.92
656.5
1891.73
1088.57
1237.04
1739.53
1592.59
839.14
1179.81
1839.0
827.66
564.95
978.36
2933.08
1427.86
1769.05
624.8
1594.86
1723.71
1617.78
1342.62
1852.88
1882.35
797.6
1469.6
2120.36
1542.45
1765.73
1355.68
1433.0
1720.25
1158.38
1251.61
1096.65
1578.03
1734.92
1401.78
1051.0
1634.2
746.8
999.68
980.67
1008.33
969.75
1337.64
861.53
860.02
1449.8
1073.0
1031.49
929.58
1643.15
948.7
1115.09
1947.44
763.65
1921.63
2176.03
1640.85
1854.29
1328.66
904.35
1837.89
1754.73
1755.84
780.0
1080.09
2683.02
1717.69
483.93
1468.8
1225.41
8325.01
2111.46
1144.27
990.83
30843.11
1478.63
1899.85
1683.73
1629.36
1677.69
1833.96
727.19
1574.69
1032.5
1635.02
922.95
204.39
1079.94
1589.41
1621.19
3269.14
927.11
1480.84
1887.05
689.09
1383.45
1791.73
1588.9
1619.08
1785.33
1205.8
1815.37
844.09
1680.34
1061.24
1270.42
1365.81
1911.24
1312.71
1121.97
2032.44
1215.19
1211.29
1916.94
1706.46
1527.56
2013.91
1729.22
1070.84
1578.79
1395.64
1560.35
1174.9
1643.3
10894.9
1800.51
1815.8
1850.12
1944.46
2106.04
2116.87
744.45
1439.02
1752.8
1527.96
1327.55
808.07
0
2031.88
1497.47
1343.69
1694.09
749.82
1487.34
1533.44
1682.79
480.77
961.69
1733.25
1618.61
0
960.28
1949.85
1823.99
2137.36
1748.24
337.36
556.75
1921.04
1406.4
1255.36
2058.16
1384.79
1703.83
1190.65
1492.83
1774.46
1870.51
1783.0
708.67
1668.66
1336.15
1752.07
2119.47
2709.05
1642.69
1434.2
1628.77
897.09
0
0
1300.07
1638.77
1060.16
1884.06
1294.19
1492.49
1395.21
1426.89
1472.76
1144.76
1923.86
1961.12
1274.33
877.37
1048.83
1518.27
2128.43
830.27
1768.1
1397.28
2131.21
1483.7
1952.97
712.11
1536.72
1391.91
1144.57
1454.75
963.69
710.16
1533.3
1309.16
1749.74
0
1462.19
1610.0
1199.22
1587.14
1553.75
2229.21
1558.85
1506.57
1065.13
1197.34
1836.61
1594.58
938.09
706.26
1552.33
1735.91
1700.0
1828.32
2089.71
791.49
1553.96
1765.16
1616.19
984.63
1971.01
643.4
1527.17
704.53
1649.06
1087.95
15453.14
7035.75
1685.27
772.14
1726.04
1655.58
1044.53
1732.47
1805.08
1838.07
1588.29
481.51
1608.51
322.68
1238.8
1089.69
1759.56
1834.08
0
9311.55
1258.77
1714.72
1931.56
1371.71
1883.82
1882.93
1109.12
1542.82
1991.29
1480.27
1716.05
1500.51
1200.93
1891.35
1353.96
1421.09
1427.93
1780.03
1200.77
735.15
1470.06
1929.11
980.03
1489.87
1550.08
1510.95
6297.15
850.6
522.01
1852.54
1685.0
1247.16
1224.27
1925.77
1531.38
1894.27
687.97
1609.58
777.08
1234.67
1380.17
800.29
778.51
1384.32
732.23
1834.55
1388.63
1277.52
1818.74
1382.96
1543.3
1575.0
1419.65
1369.27
1323.54
1326.78
0
680.74
729.42
988.13
487.76
2084.9
1698.01
1247.49
1237.63
1271.11
1168.65
1416.65
1344.5
1219.65
2096.51
1253.53
1392.05
1593.32
1823.0
1761.96
1644.32
732.99
1377.05
1690.96
2031.02
1550.39
1623.3
1560.04
1122.43
1677.67
1257.03
982.07
1812.74
1884.17
1873.78
1280.44
1683.1
904.08
798.21
1879.01
1261.64
1036.68
478.33
1347.24
1655.6
2524.24
1680.66
1690.55
1890.51
250.79
1298.85
2076.35
1973.04
805.37
1313.2
1650.75
1863.28
1702.2
1967.1
1404.61
1451.58
809.68
1448.26
1007.57
651.95
1504.56
337.14
1805.31
701.73
734.89
1499.97
1217.63
2009.27
1419.43
1895.68
1946.47
958.36
1885.63
1476.0
1952.51
1139.11
247.48
1706.03
1587.28
1690.28
0
1756.59
2032.0
0
1213.19
740.56
1684.74
1823.13
1615.84
2042.53
1662.52
1582.49
610.85
0
1735.66
2016.2
1664.13
1866.25
834.4
1604.24
1563.6
1995.27
1303.3
1332.99
1656.68
1817.21
6274.09
1760.53
1512.93
1392.13
1865.31
1322.41
1320.25
1454.58
1950.65
814.84
934.93
2097.22
1728.28
858.65
1488.09
0
1577.0
1821.36
1824.26
1339.27
784.66
1683.77
2203.69
1602.43
789.24
1325.8
1025.0
1408.06
1235.23
1946.24
2057.55
1643.31
4316.59
1741.02
1527.42
1225.58
1727.27
1849.42
1784.56
1609.89
1725.76
1497.96
1965.26
1602.07
1918.26
1823.37
1207.94
1412.83
1581.1
1785.56
1596.27
1725.91
1828.23
1440.89
1710.53
2060.37
792.43
1415.1
694.01
1776.39
1685.84
1638.03
1475.84
685.69
1377.63
1484.8
1274.78
1332.37
1846.78
0
1220.99
2118.26
0
1598.27
1027.1
1611.58
1142.78
1086.65
1738.73
1440.77
1248.2
844.13
1536.0
1210.43
1722.04
2005.26
1714.34
1517.15
1773.0
1680.61
1449.74
1609.32
1095.04
1378.47
1414.36
1935.27
18340.26
995.33
1888.05
1263.89
1964.02
0
10294.41
1308.27
1785.53
1329.69
1880.7
1774.79
1039.52
1840.84
1132.89
874.76
1435.04
793.43
1635.78
1904.96
1605.08
1511.81
1618.24
208.03
1503.54
1282.04
1131.51
1816.33
1081.33
860.49
1755.93
925.57
1363.52
1718.32
754.25
1619.82
593.0
1166.14
1524.74
1653.75
1204.39
1635.8
0
1139.69
0
1570.22
1269.11
1640.93
953.93
1464.61
984.18
1738.58
1901.67
1437.32
788.2
1589.47
1758.08
1845.92
983.04
1992.81
1425.12
3740.07
2031.42
1186.57
1970.3
879.73
1529.26
1523.3
1072.71
1852.07
1320.85
1188.64
1684.12
1499.26
969.4
1781.55
2022.01
1518.82
1584.7
1031.49
0
1251.1
372.75
950.93
1975.58
0
1355.2
1286.84
795.68
1747.44
1613.27
1036.07
1471.56
1860.36
2182.39
778.26
1792.0
1590.69
601.27
232.03
1613.64
1339.75
1374.54
1056.03
744.63
1573.0
1849.64
1440.0
1741.71
1599.27
1350.28
992.28
1513.74
1057.72
32460.82
1490.23
1107.67
1056.94
7427.77
1117.3
1818.46
2041.92
1515.51
1834.56
1281.56
31067.33
1526.18
1245.05
1483.38
2090.79
1088.28
1569.77
1588.78
2197.18
1529.61
1429.6
1476.16
1933.01
860.46
918.16
1399.69
1619.64
1057.72
1073.14
1279.09
1292.2
1723.03
1446.39
1327.84
1827.38
1604.93
1680.77
176.62
321.11
1967.82
1643.73
1568.5
1871.05
818.61
1109.32
227.31
1692.27
1221.0
2069.45
867.6
1697.65
1434.95
527.0
1864.36
1240.68
1648.67
1422.42
1757.51
1620.74
1269.92
1891.39
4579.21
684.75
1880.47
2041.82
1434.51
2527.81
6816.84
2113.55
1197.46
1772.93
991.99
1603.85
852.86
5022.88
1614.18
1352.33
1306.25
0
1231.55
193.07
1553.06
1238.99
1979.04
1973.67
1675.24
741.13
1309.16
1061.65
827.11
1660.55
756.46
1877.4
1545.11
1461.73
1404.32
1677.68
858.14
1301.93
1824.85
0
1799.53
1007.18
0
1946.95
1130.45
1177.34
1662.43
1632.51
1234.46
707.93
1866.51
1152.31
1846.16
1623.53
1657.84
1330.27
1954.83
1730.87
1659.26
1990.14
1809.9
785.85
1905.09
1497.5
1389.99
1758.36
1698.76
1416.72
1572.71
1882.18
1814.54
0
1833.63
1431.1
930.76
847.51
1535.55
2004.59
1149.97
710.91
0
788.0
1572.56
1204.3
1032.33
1555.77
1542.77
1598.12
955.79
1670.68
1154.95
1105.91
1102.26
1451.27
1402.06
480.0
1101.38
1227.44
939.46
1974.86
1211.65
1544.82
1174.76
2103.75
1805.53
1190.37
1848.99
1236.4
1717.33
1523.06
1213.5
1470.31
1506.26
1345.46
798.23
1640.85
1382.62
848.82
2028.26
2163.35
1836.53
4.74
1482.86
1092.59
1976.5
1137.85
1911.14
1605.64
1861.62
1697.53
410.74
1689.91
809.94
1376.44
1042.64
1203.25
1246.81
1894.88
1789.85
1663.49
1134.38
850.73
1525.73
2142.6
1720.2
647.46
1176.83
0
1578.26
1513.75
1412.28
1776.82
2023.3
144.46
1602.54
1760.93
5262.61
0
748.69
1808.13
1821.4
1187.59
560.85
2148.37
1098.51
1705.93
1652.88
1429.93
2174.59
1276.14
1733.23
1622.81
400.0
1355.6
0
1665.04
1120.55
915.7
1804.89
1879.03
677.46
1134.87
1589.0
1982.26
1841.37
334.85
1581.77
986.73
1892.59
11456.94
1983.84
1779.6
2106.2
1619.24
1653.59
1201.24
1351.88
684.02
1680.17
2197.89
938.28
1104.39
1709.87
1337.79
1817.19
216.38
1815.94
1645.15
1130.27
1105.31
568.76
1536.1
1247.22
1141.63
1333.92
1462.19
1522.51
1456.04
-9.8
1405.32
1331.09
5679.97
1619.99
1297.87
1897.97
1790.99
1144.49
1384.77
848.97
1618.86
949.61
674.34
1296.99
861.12
1856.07
1478.06
1011.55
1745.14
1156.24
2044.9
1371.81
1470.37
1437.45
1160.07
1287.54
1309.11
1353.45
1824.83
901.53
1066.0
1736.25
1770.15
587.01
1472.01
1336.76
917.0
1907.14
1813.88
1084.18
1541.2
1231.35
1742.33
1616.12
1355.53
2700.28
1330.35
1927.33
1291.0
1870.95
1213.66
406.21
2012.43
1464.59
1506.84
1246.04
1527.23
1518.09
1354.4
1331.73
921.04
1421.08
1415.36
1469.45
1390.89
808.29
1223.67
1062.94
1151.15
5263.13
1567.97
1950.75
1667.16
17816.38
1923.46
937.35
0
0
1670.21
1266.34
1216.5
1724.61
1372.68
1684.99
678.87
1148.94
1922.47
1727.76
1666.7
1493.77
1943.56
1721.36
2151.55
1659.34
1615.69
1564.89
1763.21
1471.75
932.67
1462.4
1542.85
1191.75
2412.18
1066.08
1682.95
1211.9
1731.61
1870.2
1737.57
1585.93
797.16
1575.88
1837.16
0
1502.71
1407.44
1663.74
1663.32
1145.23
1338.77
654.39
208.83
726.99
1676.66
2004.79
1775.31
1745.6
1416.67
1627.26
1797.97
2544.43
819.53
1744.59
473.76
820.94
1129.66
1082.77
1011.66
1593.25
1181.47
1641.83
1556.9
1659.86
1102.43
1493.57
1672.47
1228.46
1607.0
1929.23
1549.32
1243.85
1050.15
1679.64
2921.57
1338.43
0
936.25
1536.23
1762.49
1007.08
805.94
626.24
1814.78
1452.27
1375.32
1014.88
1819.27
979.35
1599.75
1678.78
1368.55
1246.76
963.2
1454.24
787.39
1010.96
1630.22
1985.88
1283.08
1979.92
1015.0
1335.61
1077.83
919.53
13293.72
1261.35
1559.51
1606.14
863.03
2206.66
1814.83
1393.62
1366.34
1763.85
1557.75
1958.54
1143.51
2989.92
1244.19
1793.9
1266.99
1956.17
0
1007.34
430.66
0
1601.43
22921.85
1742.33
1339.66
1127.58
1587.59
1476.42
962.88
1288.76
1498.99
15.0
1725.61
1842.02
1411.1
1801.8
1628.7
1645.78
1681.53
3117.92
1918.74
885.87
1691.22
1173.73
1539.88
1377.76
283.28
1684.49
1314.47
1269.38
1719.1
750.83
1746.63
1042.3
1055.26
1083.94
1966.34
1510.47
1577.36
31087.95
1396.96
1595.3
986.33
1922.87
976.03
1529.42
1581.57
1071.94
1305.15
1444.19
801.64
1091.44
949.83
1493.31
1586.09
1022.6
1275.58
690.47
1747.26
1527.76
1158.01
913.32
1502.52
1577.72
1944.35
1961.61
1162.26
1953.03
595.08
1030.61
1939.96
1591.28
1274.07
1369.19
1587.33
1233.54
1952.62
1695.81
968.33
1938.54
2122.07
1855.27
15.0
1512.28
10951.16
1491.41
1229.77
1498.03
1372.65
958.37
521.1
1966.17
1498.19
660.16
1417.56
1703.57
351.51
1663.88
1920.02
0
895.41
1448.2
1693.88
1851.3
7010.29
1231.78
1903.7
1760.69
1457.0
1872.99
1172.04
1879.62
1585.44
1397.26
1577.61
1974.29
1542.12
1347.39
1664.7
441.4
800.51
1568.46
1584.4
1732.11
1580.17
930.03
1738.44
1836.4
1744.72
1958.88
1755.77
1664.28
1459.6
2108.0
1765.08
1198.68
821.04
1651.59
1698.54
931.13
1675.54
1605.19
1511.68
1320.12
1399.3
1310.31
2706.23
746.1
12183.47
1805.9
852.03
1614.0
1050.36
1653.41
839.96
1162.71
813.32
1475.85
1429.51
1629.06
1505.06
1395.42
1785.12
1405.14
1577.21
1330.9
1874.79
1028.99
1693.1
1682.03
1491.51
484.71
497.09
1844.55
955.51
771.29
1583.68
342.72
28717.92
1638.63
1610.45
1701.29
1732.18
2178.07
1810.44
1815.0
1249.55
1369.83
1549.43
1642.43
1159.06
1146.13
1573.42
1335.17
1222.14
1611.72
1680.23
2515.74
1616.14
1626.44
545.77
195.86
1743.64
1335.69
1457.02
1471.02
1675.3
1229.64
1739.86
1701.72
1373.82
862.76
1879.13
1526.94
1856.72
0
1632.55
1026.93
1529.45
29031.02
1665.99
2213.17
931.33
558.01
1568.15
1506.86
1095.36
835.16
1766.25
1028.2
1723.26
1284.62
1682.28
1889.65
1661.12
1003.21
1552.99
1656.97
1006.02
809.14
595.68
1234.51
1799.3
1731.72
2561.44
1472.0
1508.51
1653.39
1551.63
1940.73
2054.86
1803.38
1540.83
2022.96
963.61
1075.06
304.97
1720.59
1254.3
1966.85
1578.78
1425.03
1997.45
1874.95
1817.64
1503.96
1462.07
1485.09
1657.55
1887.56
1988.71
1336.01
815.54
1587.85
198.4
1192.93
1474.23
1328.32
1907.3
1096.5
1027.55
1339.62
272.32
1495.42
1700.05
1652.65
1401.16
1191.19
1146.07
1166.8
1117.88
212.83
1584.97
811.43
1574.16
913.3
1804.12
1055.2
2366.8
1868.95
0
1291.91
1873.8
1265.83
1769.71
0
108.57
2107.67
1004.34
1259.47
1566.95
1538.25
3799.39
1598.16
1462.14
1288.53
1897.34
1929.51
760.44
1529.07
273.41
1559.13
1221.05
1620.99
1467.0
1744.67
1900.2
509.24
207.91
1377.31
10992.31
1217.31
1402.57
931.78
1741.85
820.46
1931.06
1670.66
797.11
747.46
1153.0
1688.12
1849.24
851.5
1706.0
1666.69
1195.38
845.96
753.76
1585.45
1411.16
1064.34
1378.12
847.14
0
760.6
1234.22
1686.85
1600.32
1857.14
1626.62
1483.21
829.49
1713.01
669.35
1643.11
1186.52
1538.55
1063.72
1258.17
6236.66
1698.25
1586.95
1386.61
1939.54
1743.43
1755.51
926.92
1759.13
1207.92
3054.42
1952.86
0
1693.46
903.51
1227.03
1315.36
1845.05
0
1807.65
1806.08
749.17
1499.04
1631.06
1800.64
981.69
997.56
754.42
1442.72
2107.77
1332.38
2003.95
1593.68
1479.07
1639.55
1705.6
840.2
1531.89
469.55
1143.97
1091.64
1241.14
1664.88
1866.51
703.68
1720.42
891.84
708.95
1542.8
1210.79
810.66
1647.05
1930.72
1210.44
1628.95
1190.47
1234.28
1607.88
1153.65
1242.58
1315.12
1242.4
0
492.73
1605.99
6453.51
1400.4
1051.01
1539.51
877.46
912.33
1654.33
746.77
1001.26
1518.03
1596.0
1183.58
1158.38
1585.89
1605.73
1627.86
1451.76
1858.34
1351.31
0
1734.46
979.87
1677.11
1386.42
1771.93
1423.79
1200.59
1730.51
1317.97
1888.6
1966.0
2161.66
1947.74
1553.5
1331.47
1662.69
1745.86
1352.49
2336.26
628.97
0
2013.43
1785.87
1939.84
1353.52
18449.43
1338.25
1719.15
1603.01
1964.14
509.8
4920.38
500.65
1371.65
1904.71
1498.0
1673.95
944.79
1472.99
1055.21
1376.82
1400.89
1493.31
1923.14
1957.09
1581.12
0
1307.64
1724.56
1273.26
1442.86
1554.32
1648.51
1123.05
9161.77
605.88
1780.22
917.66
1683.07
1894.25
1638.23
1651.07
2016.01
767.6
1349.5
6663.93
1250.49
1371.67
730.16
1796.42
1610.65
1464.45
539.27
18742.33
1515.68
1603.4
1121.89
1868.45
921.96
1193.0
1331.76
1367.32
1826.29
1295.53
1098.81
1912.28
3997.24
1711.28
1339.99
1011.47
617.72
1710.23
1558.47
1617.08
0
1772.78
1681.4
1741.25
1651.56
1722.79
956.41
783.45
1788.85
1650.21
1740.04
1267.52
1089.3
1238.34
1130.03
758.34
1906.04
1124.17
1329.22
1152.62
926.73
3375.88
1588.54
1992.03
1478.3
616.21
1412.06
958.11
1533.5
1571.23
1168.29
1678.54
1461.38
466.45
2050.26
1512.31
961.68
1521.26
2102.89
0
1643.57
1629.4
10873.43
1274.53
1418.27
865.74
1626.66
5934.22
1323.91
1067.65
1269.7
1957.51
718.63
1323.51
2020.57
0
2083.63
1105.42
1235.94
775.18
1666.43
1772.6
1400.0
1596.14
1239.13
1016.3
799.92
1852.45
1163.77
1882.2
1538.72
1771.02
1200.11
1564.29
1530.85
1843.81
1178.66
1359.76
1679.4
816.84
1814.82
1925.22
1791.88
1796.96
1745.15
1078.4
1764.17
235.63
1579.6
1527.71
1445.78
745.9
1984.46
6588.58
5284.07
997.66
1960.34
1065.8
192.86
8324.95
1047.32
1891.52
2030.51
1813.65
14767.95
1872.22
1198.72
1567.36
1059.85
1299.44
1551.51
395.94
795.73
1590.97
1240.92
638.93
1827.25
1773.5
1730.5
1628.02
1817.07
1241.33
2005.29
1698.46
1278.19
1664.39
1439.55
0
902.19
1158.37
517.99
1577.61
1732.74
1673.25
1937.93
1308.0
1339.4
1170.47
562.01
1786.42
1080.69
1443.61
1881.42
1507.67
1359.62
2970.31
822.85
1553.05
8151.38
1640.77
1434.44
1060.84
1100.27
1929.39
1637.89
1699.31
1473.93
962.05
1943.97
713.79
1376.49
1482.89
1210.96
1411.84
1379.1
2313.37
1027.78
849.41
2012.63
1581.66
828.17
1757.57
746.67
1600.92
664.8
1802.4
1457.14
470.56
1058.88
1520.07
204.29
505.47
1335.4
1913.51
1725.28
1466.05
1461.54
1829.99
2014.35
1482.62
1712.97
697.58
1595.18
1487.59
1160.29
2015.72
1841.54
1912.97
1433.68
1324.12
1998.09
1165.23
1834.76
1370.97
1347.79
1308.1
1692.7
481.17
953.35
1002.51
896.64
1855.89
762.64
1109.46
1853.88
1403.94
1315.02
284.37
1275.78
948.81
1094.84
1088.12
856.24
1051.78
1587.2
1829.12
1489.33
1751.53
1221.34
1581.26
1725.17
1678.66
1482.39
2031.64
1165.59
1518.29
1468.19
1121.29
2037.74
1834.31
1526.76
1895.5
1666.04
885.25
1432.2
841.7
1735.34
0
1315.27
1602.66
1763.49
2040.74
1651.58
0
1599.75
1777.23
1471.95
1160.47
1515.83
1509.72
1333.13
827.2
1922.13
1666.36
1595.67
2172.19
2053.99
1575.19
777.43
1690.15
1556.23
1377.22
0
1652.3
1784.95
1247.84
1256.3
1645.07
606.75
931.55
0
1875.13
1219.47
